{
 "cells": [
  {
   "cell_type": "code",
   "execution_count": 10,
   "metadata": {},
   "outputs": [],
   "source": [
    "import numpy as np \n",
    "import scipy as sp \n",
    "import cirq "
   ]
  },
  {
   "cell_type": "code",
   "execution_count": 2,
   "metadata": {},
   "outputs": [],
   "source": [
    "np.linalg?"
   ]
  },
  {
   "cell_type": "code",
   "execution_count": 3,
   "metadata": {},
   "outputs": [],
   "source": [
    "np?"
   ]
  },
  {
   "cell_type": "code",
   "execution_count": 4,
   "metadata": {},
   "outputs": [],
   "source": [
    "np.arctan2?"
   ]
  },
  {
   "cell_type": "code",
   "execution_count": 9,
   "metadata": {},
   "outputs": [
    {
     "data": {
      "text/plain": [
       "0.5235987755982989"
      ]
     },
     "execution_count": 9,
     "metadata": {},
     "output_type": "execute_result"
    }
   ],
   "source": [
    "x = np.array([-1j, 1, 1, 1j])\n",
    "y = np.array([-1j, 3j, 1, 1j])\n",
    "np.arctan2(np.linalg.norm(x),np.linalg.norm(y))"
   ]
  },
  {
   "cell_type": "code",
   "execution_count": 13,
   "metadata": {},
   "outputs": [
    {
     "data": {
      "text/plain": [
       "array([[-0.0023416 +0.0198146j ,  0.31291811-0.0928759j ,\n",
       "        -0.24925944-0.10489372j, -0.53030765-0.3530056j ,\n",
       "         0.29683525+0.23772689j,  0.14958884-0.38873227j,\n",
       "         0.01962168-0.06832083j, -0.08876166-0.28816643j],\n",
       "       [-0.11782617-0.11485474j,  0.01441705+0.06307221j,\n",
       "        -0.13628065+0.57019616j, -0.08068403-0.01556074j,\n",
       "        -0.31595662+0.30480234j, -0.25090207+0.19563679j,\n",
       "        -0.09317858+0.27503726j,  0.04626818-0.4877132j ],\n",
       "       [-0.1160137 +0.09810891j,  0.05689942+0.35141577j,\n",
       "         0.05262297-0.27272674j,  0.13927293+0.14306548j,\n",
       "         0.10067678+0.20092873j, -0.4361721 +0.05182871j,\n",
       "        -0.24731456-0.57303297j, -0.12399692-0.29124584j],\n",
       "       [-0.04910888+0.1332558j ,  0.42731408-0.16788742j,\n",
       "         0.15607997-0.25239412j, -0.30949701+0.36332286j,\n",
       "        -0.04052497+0.19269387j, -0.08242435+0.30676508j,\n",
       "         0.04126705+0.09580903j,  0.54394894+0.08220388j],\n",
       "       [ 0.5377765 -0.46030447j, -0.09762118+0.21832389j,\n",
       "         0.08612424-0.40333862j, -0.0939026 +0.12850559j,\n",
       "        -0.00596974+0.13098552j, -0.173678  -0.03570381j,\n",
       "         0.01822652+0.40151373j, -0.15405142-0.11127099j],\n",
       "       [ 0.07967394-0.19624826j,  0.25348296+0.24242089j,\n",
       "         0.21468656+0.08401296j, -0.2117515 +0.02846717j,\n",
       "        -0.07014063-0.65683172j,  0.26136027+0.2044338j ,\n",
       "         0.03749777-0.18385365j,  0.00898947-0.38933348j],\n",
       "       [ 0.28417693+0.13733485j, -0.1353761 -0.26561283j,\n",
       "        -0.19275686-0.12596702j, -0.23374532-0.27948886j,\n",
       "        -0.32057193+0.0061458j , -0.18145677+0.46635862j,\n",
       "         0.35767027-0.29751813j, -0.23172598+0.04867139j],\n",
       "       [-0.14018143-0.51386831j, -0.0993519 -0.52229483j,\n",
       "         0.37493466-0.03333689j,  0.03141455-0.3391666j ,\n",
       "         0.12979052-0.0130445j , -0.1817189 +0.08046135j,\n",
       "        -0.27466895-0.14684713j,  0.14507669-0.03676613j]])"
      ]
     },
     "execution_count": 13,
     "metadata": {},
     "output_type": "execute_result"
    }
   ],
   "source": [
    "U = cirq.testing.random_unitary(8)\n",
    "U"
   ]
  },
  {
   "cell_type": "code",
   "execution_count": 14,
   "metadata": {},
   "outputs": [
    {
     "data": {
      "text/plain": [
       "(array([[ 0.4562113 , -0.05634121, -0.13567677,  0.6796015 , -0.27621843,\n",
       "          0.31980196, -0.34882194,  0.09046477],\n",
       "        [-0.44384572,  0.01780225,  0.35612936, -0.00895563, -0.27407929,\n",
       "         -0.19407779, -0.57531301,  0.48166899],\n",
       "        [ 0.21767298, -0.47179583, -0.30623562, -0.57210204, -0.32533829,\n",
       "          0.03775074, -0.39687865, -0.21015084],\n",
       "        [-0.04973498, -0.50381577, -0.03447604,  0.00211045,  0.70351265,\n",
       "          0.31590223, -0.1408486 ,  0.35768766],\n",
       "        [ 0.69662953,  0.05004831,  0.60871689, -0.20836242,  0.15658122,\n",
       "         -0.24156731, -0.05653596,  0.11037462],\n",
       "        [-0.03269431, -0.37264814, -0.11498774,  0.37927452,  0.18045323,\n",
       "         -0.76624448, -0.1131618 , -0.26550619],\n",
       "        [-0.22304075, -0.02766855,  0.478308  ,  0.0902956 ,  0.14323584,\n",
       "          0.31900869, -0.30157227, -0.70663042],\n",
       "        [ 0.09438402,  0.61477646, -0.38374191, -0.12385087,  0.41256675,\n",
       "         -0.10765348, -0.51287373, -0.07552891]]),\n",
       " array([-0.96919514+0.2462941j ,  0.95247866+0.30460534j,\n",
       "         0.67803921-0.73502574j,  0.57558721-0.8177404j ,\n",
       "         0.57454462+0.81847326j,  0.28365376+0.95892677j,\n",
       "         0.23135209+0.97287009j,  0.17090003-0.98528837j]),\n",
       " array([[ 0.25478505, -0.45754561, -0.20142351,  0.6544792 , -0.06003867,\n",
       "          0.28116503,  0.25787482,  0.3281224 ],\n",
       "        [-0.58903648, -0.12032247, -0.12483663, -0.0503098 ,  0.14703443,\n",
       "         -0.10655437,  0.75002052, -0.15792258],\n",
       "        [-0.14333542,  0.36931913, -0.1734056 ,  0.64150298, -0.29074444,\n",
       "         -0.40406834, -0.11825325, -0.37373168],\n",
       "        [ 0.43749781,  0.52783388,  0.24448343, -0.04729982, -0.29774798,\n",
       "          0.27295412,  0.54667155, -0.07726609],\n",
       "        [-0.22162975,  0.1690718 ,  0.45024023,  0.35804057,  0.53809048,\n",
       "          0.47795262, -0.13502313, -0.2348922 ],\n",
       "        [-0.27234607, -0.22227597,  0.74957011,  0.09515693, -0.44697929,\n",
       "         -0.19504299, -0.00371622,  0.2601245 ],\n",
       "        [ 0.06897716, -0.47156774,  0.01713167, -0.1205245 , -0.36007552,\n",
       "          0.30029308, -0.06728191, -0.73054035],\n",
       "        [-0.49811771,  0.24657915, -0.29855926, -0.0599042 , -0.42732167,\n",
       "          0.56139185, -0.18805391,  0.25538682]]))"
      ]
     },
     "execution_count": 14,
     "metadata": {},
     "output_type": "execute_result"
    }
   ],
   "source": [
    "cirq.bidiagonalize_unitary_with_special_orthogonals(U)"
   ]
  },
  {
   "cell_type": "code",
   "execution_count": null,
   "metadata": {},
   "outputs": [],
   "source": []
  }
 ],
 "metadata": {
  "kernelspec": {
   "display_name": "Python 3",
   "language": "python",
   "name": "python3"
  },
  "language_info": {
   "codemirror_mode": {
    "name": "ipython",
    "version": 3
   },
   "file_extension": ".py",
   "mimetype": "text/x-python",
   "name": "python",
   "nbconvert_exporter": "python",
   "pygments_lexer": "ipython3",
   "version": "3.7.5"
  }
 },
 "nbformat": 4,
 "nbformat_minor": 2
}
